{
  "ver": "1.0.2",
  "importer": "particle",
  "imported": true,
  "uuid": "bb50c9ca-adc7-4c45-afef-0fa93a669e0a",
  "files": [
    ".json",
    ".plist"
  ],
  "subMetas": {},
  "userData": {
    "totalParticles": 10,
    "life": 0.668300986289978,
    "lifeVar": 0,
    "emissionRate": 14.963317734295497,
    "duration": -1,
    "srcBlendFactor": 1,
    "dstBlendFactor": 4,
    "startColor": {
      "_val": 1192012,
      "r": 251.12917810678482,
      "g": 254.4940647482872,
      "b": 241.0215988755226,
      "a": 255
    },
    "startColorVar": {
      "_val": 4278190080,
      "r": 0,
      "g": 0,
      "b": 0,
      "a": 0
    },
    "endColor": {
      "_val": 295,
      "r": 252.53251880407333,
      "g": 254.73521500825882,
      "b": 248.00480335950851,
      "a": 255
    },
    "endColorVar": {
      "_val": 0,
      "r": 0,
      "g": 0,
      "b": 0,
      "a": 0
    },
    "startSize": 80,
    "startSizeVar": 0,
    "endSize": 80,
    "endSizeVar": 0,
    "positionType": 0,
    "sourcePos": {
      "x": 0,
      "y": 0
    },
    "posVar": {
      "x": 0,
      "y": 0
    },
    "angle": 0,
    "angleVar": 145.60009765625,
    "startSpin": 55.16335,
    "startSpinVar": 56.111509999999996,
    "endSpin": 3418.679,
    "endSpinVar": 3366.4770000000003,
    "emitterMode": 1,
    "gravity": {
      "x": 0,
      "y": 0
    },
    "speed": 180,
    "speedVar": 50,
    "radialAccel": 80,
    "radialAccelVar": 0,
    "tangentialAccel": 0,
    "tangentialAccelVar": 0,
    "rotationIsDir": false,
    "startRadius": 51.40984344482422,
    "startRadiusVar": 0,
    "endRadius": 671.3362426757812,
    "endRadiusVar": 0,
    "rotatePerS": 0,
    "rotatePerSVar": 0,
    "spriteFrameUuid": "43f45650-d97f-403e-ba02-79691d64af7c@f9941"
  }
}
