{
  "ver": "1.0.2",
  "importer": "particle",
  "imported": true,
  "uuid": "c4d1d3dd-02dd-4cf1-923d-67267ce1faa0",
  "files": [
    ".json",
    ".plist"
  ],
  "subMetas": {},
  "userData": {
    "totalParticles": 132,
    "life": 0.7536448000000002,
    "lifeVar": 1.6909849643707275,
    "emissionRate": 175.14882342450974,
    "duration": -1,
    "srcBlendFactor": 770,
    "dstBlendFactor": 1,
    "startColor": {
      "_val": 4294967295,
      "r": 255,
      "g": 229.44828629493713,
      "b": 70.88823616504669,
      "a": 0
    },
    "startColorVar": {
      "_val": 0,
      "r": 0,
      "g": 0,
      "b": 0,
      "a": 121.81640937924385
    },
    "endColor": {
      "_val": 4293190884,
      "r": 255,
      "g": 238.4733036160469,
      "b": 0,
      "a": 255
    },
    "endColorVar": {
      "_val": 0,
      "r": 0,
      "g": 0,
      "b": 0,
      "a": 189.31152641773224
    },
    "startSize": 15,
    "startSizeVar": 30,
    "endSize": 0,
    "endSizeVar": 28.823530197143555,
    "positionType": 0,
    "sourcePos": {
      "x": 0,
      "y": 0
    },
    "posVar": {
      "x": 50,
      "y": 30
    },
    "angle": 90,
    "angleVar": 59.227943420410156,
    "startSpin": 0,
    "startSpinVar": 0,
    "endSpin": 0,
    "endSpinVar": 0,
    "emitterMode": 0,
    "gravity": {
      "x": 0,
      "y": -30
    },
    "speed": 210.7460174560547,
    "speedVar": 0,
    "radialAccel": 0,
    "radialAccelVar": 0,
    "tangentialAccel": 0,
    "tangentialAccelVar": 0,
    "rotationIsDir": false,
    "startRadius": 0,
    "startRadiusVar": 0,
    "endRadius": 0,
    "endRadiusVar": 0,
    "rotatePerS": 0,
    "rotatePerSVar": 0,
    "spriteFrameUuid": "060ccaa0-4510-45b3-bf01-7cad50cce7e0@f9941"
  }
}
